0,3,0,4,0,2
100,100,100,100,100,100,85,100,100,100,100,100,100,100,100,100,100
100,100,100,100,100,140,107,130,100,100,125,100,135,120,140,100,100
-1,-1,0,7
-1,-1,0,7
-1,-1,0,7
-1,-1,0,7
-1,-1,0,7
-1,-1,0,7
-1,-1,0,7
-1,-1,0,7
-1,-1,0,7
-1,-1,0,7
-1,-1,0,7
-1,-1,0,7
-1,-1,0,7
-1,-1,0,7
-1,-1,0,7
-1,-1,0,7
-1,-1,0,7
-1,-1,0,7
-1,-1,0,7
-1,-1,0,7
-1,-1,0,7
-1,-1,2,1,2
-1,-1,2,1,2
-1,-1,0,1,2
-1,-1,0,1
-1,-1,0,1
-1,-1,0,1,2
-1,-1,0,1
-1,-1,0,1,2
-1,-1,0,1,2
-1,-1,0,1,5
-1,-1,0,1
-1,-1,0,1
-1,-1,0,1,2
-1,-1,0,1
-1,-1,0,1
-1,-1,0,1
-1,-1,0,1
-1,-1,0,1
-1,-1,0,7
-1,-1,0,7
-1,-1,0,1,2
-1,-1,2,1,2
-1,-1,0,1,2
-1,-1,0,1,2
-1,-1,0,1
-1,-1,0,1,2
-1,-1,0,1,2
-1,-1,0,1,2
-1,-1,0,1,2
-1,-1,0,1
-1,-1,4,1
-1,-1,0,1
-1,-1,0,1
-1,-1,0,1
-1,-1,0,1,2
-1,-1,0,1,5
-1,-1,0,1
-1,-1,0,1
-1,-1,0,7
-1,-1,0,7
-1,-1,0,1,2
-1,-1,2,1,2
-1,-1,0,1,2
-1,-1,0,1
-1,-1,0,1,2
-1,-1,0,1
-1,-1,0,1
-1,-1,0,1
-1,-1,0,1,2
-1,1,4,1
-1,-1,0,1
-1,-1,0,1
-1,-1,0,1
-1,-1,0,1,2
-1,-1,0,1,2
-1,-1,0,1,2
-1,-1,0,1
-1,-1,0,1
-1,-1,0,7
-1,-1,0,7
-1,-1,0,1,2
-1,-1,2,1,2
-1,-1,0,1
-1,-1,0,1
-1,-1,0,1
-1,-1,0,1
-1,-1,0,1,2
-1,-1,0,1
-1,-1,4,1
-1,-1,4,1,2
-1,-1,0,1,2
-1,-1,0,1
-1,-1,0,1
-1,-1,0,1
-1,-1,0,1,2
-1,-1,2,1,2
-1,-1,0,1,2
-1,-1,0,1,2
-1,-1,0,7
-1,-1,0,7
-1,1,2,1
-1,-1,0,1
-1,-1,0,1
-1,-1,0,1,2
-1,-1,0,1,2
-1,-1,0,1,2
-1,-1,0,1
-1,-1,0,1,2
-1,-1,0,1,2
-1,-1,0,1
-1,-1,2,1
-1,-1,0,1
-1,-1,2,1
-1,-1,2,1
-1,-1,2,1
-1,-1,0,1
-1,-1,0,1,2
-1,-1,0,1,2
-1,-1,0,7
-1,-1,0,7
-1,-1,0,1
-1,-1,0,1
-1,-1,0,1,5
-1,-1,0,1,2
-1,-1,0,1,2
-1,-1,2,1,2
-1,-1,4,1,2
-1,1,4,1
-1,-1,4,1,2
-1,-1,0,1,2
-1,-1,0,1
-1,-1,2,1
-1,-1,2,1
-1,-1,0,1,5
-1,-1,3,1
-1,-1,0,1
-1,-1,0,1
-1,-1,0,1,2
-1,-1,0,7
-1,-1,0,7
-1,-1,0,1
-1,-1,0,1
-1,-1,0,1,2
-1,-1,0,1,2
-1,-1,0,1,2
-1,-1,2,1,2
-1,-1,2,1,2
-1,-1,2,1,2
-1,-1,4,1
-1,-1,4,1
-1,1,2,1
-1,-1,0,1
-1,-1,0,1
-1,-1,3,1,2
-1,-1,0,1,2
-1,-1,0,1,5
-1,-1,0,1,2
-1,-1,0,1,2
-1,-1,0,7
-1,-1,0,7
-1,-1,0,1
-1,-1,0,1,2
-1,-1,0,1
-1,-1,0,1
-1,-1,2,1
-1,-1,2,1
-1,-1,2,1
-1,-1,3,1
-1,1,2,1
-1,-1,0,1
-1,-1,0,1
-1,-1,2,1
-1,-1,2,1
-1,-1,3,1,2
-1,-1,0,1,2
-1,-1,0,1,2
-1,-1,0,1
-1,-1,0,1,2
-1,-1,0,7
-1,-1,0,7
-1,-1,0,1
-1,-1,0,1
-1,-1,0,1
-1,-1,0,1
-1,-1,0,1
-1,-1,0,1,5
-1,-1,0,1,2
-1,-1,3,1
-1,-1,4,1,5
-1,-1,0,1
-1,-1,2,1
-1,-1,3,1
-1,-1,0,1,2
-1,-1,3,1,2
-1,-1,0,1,2
-1,-1,3,1,5
-1,-1,0,1,2
-1,-1,0,1
-1,-1,0,7
-1,-1,0,7
-1,-1,0,1,2
-1,-1,0,1
-1,-1,0,1
-1,-1,0,1
-1,-1,0,1
-1,-1,0,1,2
-1,-1,0,1,2
-1,-1,3,1,2
-1,-1,4,1
-1,-1,4,1,2
-1,-1,4,1,2
-1,-1,2,1
-1,-1,3,1
-1,1,3,1
-1,-1,0,1,2
-1,-1,0,1
-1,-1,3,1
-1,-1,0,1
-1,-1,0,7
-1,-1,0,7
-1,-1,0,1
-1,-1,0,1
-1,-1,0,1,2
-1,-1,0,1,2
-1,-1,3,1,2
-1,3,3,1
-1,-1,3,1,8
4,-1,3,1
-1,-1,4,1,2
-1,-1,4,1,2
-1,-1,4,1
-1,-1,0,1
-1,-1,4,1
-1,-1,3,1,2
-1,-1,4,1
-1,-1,3,1
-1,1,3,1
-1,-1,0,1
-1,-1,0,7
-1,-1,0,7
-1,-1,0,1,5
-1,-1,0,1
-1,-1,0,1,2
-1,-1,3,1,2
-1,-1,0,1,2
-1,-1,0,1,2
1,-1,3,1
-1,-1,3,1
-1,-1,0,1
-1,-1,0,1,5
-1,-1,4,1
-1,-1,0,1
-1,-1,4,1,2
-1,-1,0,1,2
-1,1,4,1
-1,-1,4,1
-1,-1,0,1
-1,-1,3,1
-1,-1,0,7
-1,-1,0,7
-1,-1,0,1
-1,-1,3,1,5
-1,-1,0,1,2
-1,-1,3,1
-1,-1,3,1,2
-1,-1,3,1,2
-1,-1,0,1,2
-1,-1,0,1
-1,-1,0,1,5
-1,-1,4,1
-1,1,4,1
-1,-1,4,1
-1,-1,0,1
-1,-1,4,1,2
-1,-1,0,1
-1,-1,0,1
-1,-1,0,1,5
-1,-1,0,1
-1,-1,0,7
-1,-1,0,7
-1,-1,0,1,2
-1,-1,0,1,2
-1,-1,3,1
-1,-1,0,1,2
-1,-1,0,1,2
-1,-1,3,1
-1,-1,0,1
-1,-1,3,1
-1,-1,3,1,5
-1,-1,3,1,2
-1,-1,0,1,2
-1,-1,0,1
-1,-1,3,1
-1,-1,0,1,2
-1,-1,0,1
-1,-1,0,1
-1,-1,0,1,5
-1,-1,0,1
-1,-1,0,7
-1,-1,0,7
-1,-1,0,1,2
-1,-1,3,1,2
-1,-1,0,1,2
-1,-1,0,1,2
-1,-1,0,1,5
-1,-1,0,1
-1,-1,0,1
-1,-1,0,1
-1,1,3,1
-1,-1,0,1,5
-1,-1,2,1,2
-1,-1,0,1
-1,-1,3,1
-1,-1,0,1,5
-1,-1,0,1
-1,-1,0,1,5
-1,-1,0,1,2
-1,-1,0,1
-1,-1,0,7
-1,-1,0,7
-1,-1,0,1
-1,-1,3,1,2
-1,-1,0,1,2
-1,-1,0,1,2
-1,-1,0,1,2
-1,-1,0,1,5
-1,-1,0,1,2
-1,-1,0,1,2
-1,-1,4,1
-1,-1,4,1
-1,-1,4,1
-1,1,2,1
-1,-1,0,1
-1,-1,3,1
-1,1,3,1
-1,-1,3,1
-1,-1,4,1,2
-1,-1,0,1,2
-1,-1,0,7
-1,-1,0,7
-1,-1,3,1,2
-1,-1,0,1,2
-1,-1,0,1,2
-1,-1,0,1
-1,-1,0,1
-1,-1,0,1
-1,-1,0,1,2
-1,1,3,1
-1,-1,3,1,2
-1,-1,4,1
-1,-1,4,1
-1,-1,2,1
-1,-1,2,1
-1,-1,3,1
-1,-1,3,1,2
-1,-1,4,1,2
-1,-1,4,1,2
-1,-1,0,1
-1,-1,0,7
-1,-1,0,7
-1,1,3,1
-1,-1,3,1,2
-1,-1,0,1
-1,-1,0,1
-1,-1,0,1
-1,-1,0,1
-1,-1,0,1,2
-1,-1,3,1
-1,-1,3,1,2
-1,-1,4,1,2
-1,-1,0,1,2
-1,1,4,1
-1,-1,0,1
-1,-1,2,1
-1,1,4,1
-1,-1,4,1
-1,-1,0,1
-1,-1,0,1
-1,-1,0,7
-1,-1,0,7
-1,-1,0,7
-1,-1,0,7
-1,-1,0,7
-1,-1,0,7
-1,-1,0,7
-1,-1,0,7
-1,-1,0,7
-1,-1,0,7
-1,-1,0,7
-1,-1,0,7
-1,-1,0,7
-1,-1,0,7
-1,-1,0,7
-1,-1,0,7
-1,-1,0,7
-1,-1,0,7
-1,-1,0,7
-1,-1,0,7
-1,-1,0,7
