0,3,0,4,0,2
100,100,100,100,100,100,100,201,100,100,100,100,100,100,100,100,100,100,100
16,11,11,11,19,17,11,12,11,11,11,11,11,28,11,18,15,16,11
-1,-1,0,7
-1,-1,0,7
-1,-1,0,7
-1,-1,0,7
-1,-1,0,7
-1,-1,0,7
-1,-1,0,7
-1,-1,0,7
-1,-1,0,7
-1,-1,0,7
-1,-1,0,7
-1,-1,0,7
-1,-1,0,7
-1,-1,0,7
-1,-1,0,7
-1,-1,0,7
-1,-1,0,7
-1,-1,0,7
-1,-1,0,7
-1,-1,0,7
-1,-1,0,7
-1,-1,0,1
-1,-1,0,1,2
-1,-1,0,1,5
-1,-1,4,1
-1,-1,0,1
-1,-1,0,1
-1,-1,0,1,5
-1,-1,0,1
-1,-1,0,1
-1,-1,0,1,2
-1,-1,0,1
-1,-1,0,1
-1,-1,0,1
-1,-1,0,1
-1,-1,0,1
-1,-1,0,1
-1,-1,0,1
-1,-1,0,1
-1,-1,0,7
-1,-1,0,7
-1,-1,0,1
-1,-1,0,1
-1,-1,4,1
-1,-1,4,1,2
-1,-1,4,1
-1,-1,0,1
-1,-1,2,1
-1,-1,0,1
-1,-1,0,1
-1,-1,0,1,2
-1,-1,4,1
-1,-1,0,1
-1,1,3,1
-1,-1,0,1
-1,-1,0,1,2
-1,-1,0,1,5
-1,-1,0,1
-1,-1,3,1
-1,-1,0,7
-1,-1,0,7
-1,-1,0,1
-1,-1,4,1,5
-1,-1,4,1
-1,-1,4,1,5
-1,-1,4,1
-1,-1,2,1,5
-1,-1,2,1
-1,-1,2,1
-1,1,2,1
-1,-1,4,1
-1,-1,3,1,2
-1,-1,3,1
-1,-1,0,1
-1,-1,2,1
-1,-1,3,1,5
-1,-1,3,1
-1,-1,3,1
-1,-1,0,1,5
-1,-1,0,7
-1,-1,0,7
-1,-1,0,1
1,-1,4,1
-1,-1,0,1
-1,-1,4,1
-1,-1,0,1
-1,-1,4,1
-1,-1,0,1
-1,-1,0,1
-1,-1,4,1
-1,1,4,1
-1,-1,3,1
-1,-1,0,1
-1,1,2,1
-1,-1,2,1
-1,1,3,1
-1,-1,0,1
-1,-1,0,1
-1,-1,3,1
-1,-1,0,7
-1,-1,0,7
-1,-1,0,1
-1,-1,4,1
-1,1,3,1
-1,-1,3,1,2
-1,-1,3,1,2
-1,-1,0,1,2
-1,-1,0,1
-1,-1,0,1
-1,-1,0,1
-1,-1,0,1,2
-1,-1,3,1
-1,-1,0,1
-1,-1,0,1,2
-1,-1,2,1
-1,-1,3,1
-1,-1,0,1
-1,-1,0,1
-1,-1,0,1
-1,-1,0,7
-1,-1,0,7
-1,-1,0,1
-1,-1,0,1
-1,-1,4,1
-1,-1,0,1
-1,-1,3,1
-1,-1,0,1
-1,-1,0,1
-1,-1,2,1
-1,-1,0,1
-1,-1,0,1
-1,-1,2,1
-1,-1,0,1,5
-1,-1,0,1
-1,-1,4,1,5
-1,1,4,1
-1,-1,0,1
-1,-1,0,1
-1,-1,0,1
-1,-1,0,7
-1,-1,0,7
-1,-1,0,1
-1,-1,0,1
-1,2,4,1
-1,-1,3,1
-1,-1,3,1
-1,-1,0,1,5
-1,-1,2,1,2
-1,-1,0,1
-1,-1,0,1
-1,-1,2,1,2
-1,1,2,1
-1,-1,0,1
-1,-1,4,1,2
-1,-1,3,1,2
-1,-1,3,1
-1,-1,0,1
-1,-1,0,1
-1,-1,0,1,2
-1,-1,0,7
-1,-1,0,7
-1,-1,0,1,5
-1,-1,0,1
-1,-1,4,1,2
-1,-1,2,1
-1,-1,0,1,5
-1,-1,0,1
-1,-1,2,1
-1,-1,0,1
-1,-1,0,1,2
-1,-1,0,1
-1,-1,2,1,2
-1,-1,0,1
-1,-1,0,1
-1,-1,4,1
-1,-1,4,1
-1,-1,3,1
-1,-1,0,1
-1,-1,0,1
-1,-1,0,7
-1,-1,0,7
-1,-1,0,1
-1,1,2,1
-1,-1,2,1
-1,-1,2,1,5
-1,-1,0,1
-1,1,2,1
-1,-1,0,1
-1,-1,0,1
-1,-1,0,1,2
-1,-1,2,1,2
-1,-1,0,1,5
-1,-1,0,1
-1,-1,4,1,5
-1,-1,4,1
-1,-1,3,1,2
-1,-1,0,1
-1,-1,0,1
-1,-1,0,1
-1,-1,0,7
-1,-1,0,7
-1,-1,0,1
-1,-1,0,1
-1,-1,0,1
-1,-1,2,1
-1,-1,0,1
-1,-1,2,1
-1,-1,0,1
-1,-1,0,1
-1,-1,0,1
-1,-1,0,1
-1,-1,0,1
-1,-1,0,1,2
-1,-1,0,1
-1,-1,0,1
-1,-1,3,1
-1,-1,0,1,2
-1,-1,3,1
-1,-1,3,1
-1,-1,0,7
-1,-1,0,7
-1,-1,0,1
-1,-1,0,1
-1,-1,0,1,2
-1,-1,0,1
-1,-1,0,1
-1,-1,2,1
-1,-1,0,1
-1,-1,0,1
-1,-1,0,1
-1,-1,0,1,2
-1,-1,0,1,2
-1,-1,0,1
-1,-1,0,1,2
-1,-1,0,1,2
-1,-1,3,1
-1,-1,3,1
-1,-1,0,1
-1,-1,0,1,2
-1,-1,0,7
-1,-1,0,7
-1,-1,0,1
-1,-1,0,1
-1,-1,0,1
-1,-1,0,1
-1,-1,0,1,2
-1,-1,0,1,5
-1,-1,0,1
-1,-1,0,1,2
-1,-1,0,1
-1,-1,0,1
-1,-1,0,1
-1,-1,0,1
-1,-1,0,1
-1,-1,3,1
-1,-1,3,1
-1,-1,0,1
-1,-1,0,1,5
-1,-1,0,1
-1,-1,0,7
-1,-1,0,7
-1,-1,0,1
-1,-1,0,1
-1,-1,0,1
-1,-1,0,1
-1,-1,0,1,2
-1,-1,2,1
-1,-1,0,1,2
-1,-1,0,1
-1,-1,0,1,2
-1,-1,0,1
-1,-1,0,1
-1,-1,0,1
-1,-1,0,1
-1,-1,0,1
-1,-1,3,1
-1,-1,0,1,2
-1,-1,0,1
-1,-1,0,1
-1,-1,0,7
-1,-1,0,7
-1,-1,0,1
-1,-1,0,1
-1,-1,2,1
-1,-1,0,1
-1,-1,2,1
-1,1,2,1
-1,-1,2,1
-1,-1,3,1
-1,-1,0,1
-1,-1,0,1,2
-1,-1,2,1
-1,-1,0,1
-1,-1,0,1
-1,-1,0,1
-1,-1,0,1,2
-1,-1,3,1,5
-1,-1,0,1,2
-1,-1,0,1
-1,-1,0,7
-1,-1,0,7
-1,-1,0,1
-1,-1,2,1
-1,-1,0,1
-1,-1,0,1,2
-1,-1,3,1
-1,-1,3,1,2
-1,-1,3,1
-1,-1,0,1
-1,-1,0,1
-1,1,2,1
-1,-1,2,1
-1,-1,2,1
-1,-1,0,1
-1,-1,0,1
-1,-1,0,1
-1,-1,3,1
-1,-1,3,1
-1,1,3,1
-1,-1,0,7
-1,-1,0,7
-1,1,2,1
-1,-1,2,1
-1,-1,0,1
-1,-1,0,1,2
-1,-1,3,1
-1,1,3,1
-1,-1,3,1
-1,-1,4,1,2
-1,-1,4,1
-1,-1,0,1
-1,-1,2,1
-1,-1,0,1,2
-1,-1,3,1,2
-1,-1,3,1
-1,-1,3,1
-1,-1,0,1
-1,-1,0,1,5
-1,-1,0,1,2
-1,-1,0,7
-1,-1,0,7
-1,-1,0,1
-1,-1,0,1,2
-1,-1,0,1
-1,-1,0,1
-1,-1,0,1,2
-1,-1,0,1
-1,-1,0,1
-1,-1,4,1,5
-1,-1,4,1
-1,-1,3,1
-1,1,3,1
-1,-1,0,1,2
-1,1,3,1
-1,-1,0,1
-1,-1,0,1
-1,-1,0,1
-1,-1,0,1,2
-1,-1,0,1
-1,-1,0,7
-1,-1,0,7
-1,-1,0,1
-1,-1,0,1
-1,-1,0,1
-1,-1,0,1
-1,-1,0,1,5
-1,-1,0,1
-1,-1,0,1
-1,-1,0,1
-1,1,4,1
-1,-1,3,1,2
-1,-1,0,1
-1,-1,3,1
-1,-1,0,1
-1,-1,3,1
-1,-1,0,1
-1,-1,0,1
-1,-1,0,1
-1,-1,0,1
-1,-1,0,7
-1,-1,0,7
-1,-1,0,7
-1,-1,0,7
-1,-1,0,7
-1,-1,0,7
-1,-1,0,7
-1,-1,0,7
-1,-1,0,7
-1,-1,0,7
-1,-1,0,7
-1,-1,0,7
-1,-1,0,7
-1,-1,0,7
-1,-1,0,7
-1,-1,0,7
-1,-1,0,7
-1,-1,0,7
-1,-1,0,7
-1,-1,0,7
-1,-1,0,7
